name: rvc-eval
channels:
  - pytorch
  - conda-forge
  - anaconda
  - defaults
dependencies:
  - appdirs=1.4.4=pyhd3eb1b0_0
  - blas=1.0=mkl
  - brotlipy=0.7.0=py310h2bbff1b_1002
  - bzip2=1.0.8=he774522_0
  - ca-certificates=2023.7.22=h56e8100_0
  - certifi=2023.7.22=pyhd8ed1ab_0
  - cffi=1.15.1=py310h2bbff1b_3
  - charset-normalizer=2.0.4=pyhd3eb1b0_0
  - cryptography=38.0.4=py310h21b164f_0
  - cython=3.0.0=py310h00ffb61_0
  - distlib=0.3.7=pyhd8ed1ab_0
  - ffmpeg=4.3.1=ha925a31_0
  - filelock=3.12.2=pyhd8ed1ab_0
  - icc_rt=2022.1.0=h6049295_2
  - idna=3.4=py310haa95532_0
  - intel-openmp=2023.2.0=h57928b3_49496
  - jinja2=3.1.2=py310haa95532_0
  - libblas=3.9.0=1_h8933c1f_netlib
  - libcblas=3.9.0=5_hd5c7e75_netlib
  - libffi=3.4.4=hd77b12b_0
  - liblapack=3.9.0=5_hd5c7e75_netlib
  - libuv=1.44.2=h2bbff1b_0
  - m2w64-gcc-libgfortran=5.3.0=6
  - m2w64-gcc-libs=5.3.0=7
  - m2w64-gcc-libs-core=5.3.0=7
  - m2w64-gmp=6.1.0=2
  - m2w64-libwinpthread-git=5.0.0.4634.697f757=2
  - markupsafe=2.1.1=py310h2bbff1b_0
  - mkl=2023.1.0=h8bd8f75_46356
  - mkl-service=2.4.0=py310h2bbff1b_1
  - mkl_fft=1.3.6=py310h4ed8f06_1
  - mkl_random=1.2.2=py310h4ed8f06_1
  - mpmath=1.3.0=py310haa95532_0
  - msys2-conda-epoch=20160418=1
  - networkx=3.1=py310haa95532_0
  - numpy=1.24.4=py310hd02465a_0
  - openssl=3.1.2=hcfcfb64_0
  - packaging=22.0=py310haa95532_0
  - pip=23.2.1=py310haa95532_0
  - pipenv=2023.7.23=pyhd8ed1ab_0
  - platformdirs=3.10.0=pyhd8ed1ab_0
  - pooch=1.4.0=pyhd3eb1b0_0
  - portaudio=19.6.0=he774522_4
  - pyaudio=0.2.11=py310h2bbff1b_2
  - pycparser=2.21=pyhd3eb1b0_0
  - pydub=0.25.1=pyhd8ed1ab_0
  - pyopenssl=23.2.0=py310haa95532_0
  - pysocks=1.7.1=py310haa95532_0
  - python=3.10.12=he1021f5_0
  - python_abi=3.10=2_cp310
  - pytorch=2.0.1=py3.10_cpu_0
  - pytorch-mutex=1.0=cpu
  - pyworld=0.3.4=py310h220cb41_0
  - requests=2.28.1=py310haa95532_0
  - scipy=1.10.1=py310h309d312_1
  - setuptools=68.0.0=py310haa95532_0
  - sqlite=3.41.2=h2bbff1b_0
  - sympy=1.11.1=py310haa95532_0
  - tbb=2021.6.0=h59b6b97_1
  - tk=8.6.12=h2bbff1b_0
  - typing-extensions=4.7.1=hd8ed1ab_0
  - typing_extensions=4.7.1=pyha770c72_0
  - ucrt=10.0.22621.0=h57928b3_0
  - urllib3=1.26.14=py310haa95532_0
  - vc=14.2=h21ff451_1
  - vc14_runtime=14.36.32532=hfdfe4a8_17
  - virtualenv=20.24.2=pyhd8ed1ab_0
  - virtualenv-clone=0.5.4=pyh9f0ad1d_0
  - vs2015_runtime=14.36.32532=h05e6639_17
  - wheel=0.38.4=py310haa95532_0
  - win_inet_pton=1.1.0=py310haa95532_0
  - xz=5.4.2=h8cc25b3_0
  - zlib=1.2.13=h8cc25b3_0
  - pip:
      - antlr4-python3-runtime==4.8
      - audioread==3.0.0
      - bitarray==2.8.1
      - colorama==0.4.6
      - decorator==5.1.1
      - fairseq==0.12.2
      - ffmpeg-python==0.2.0
      - future==0.18.3
      - hydra-core==1.0.7
      - joblib==1.3.1
      - lazy-loader==0.3
      - librosa==0.10.0.post2
      - llvmlite==0.40.1
      - lxml==4.9.3
      - more-itertools==10.1.0
      - msgpack==1.0.5
      - my-voice-analysis==0.7
      - numba==0.57.1
      - omegaconf==2.0.6
      - openai-whisper==20230314
      - pandas==2.0.3
      - pillow==10.0.0
      - portalocker==2.7.0
      - praat-parselmouth==0.4.3
      - python-dateutil==2.8.2
      - python-osc==1.8.3
      - pytz==2023.3
      - pywin32==306
      - pyyaml==6.0.1
      - regex==2023.6.3
      - resampy==0.4.2
      - sacrebleu==2.3.1
      - scikit-learn==1.3.0
      - six==1.16.0
      - soundfile==0.12.1
      - soxr==0.3.5
      - tabulate==0.9.0
      - threadpoolctl==3.2.0
      - tiktoken==0.3.1
      - torchaudio==2.0.2
      - tqdm==4.65.1
      - tzdata==2023.3
prefix: C:\Users\AZhuparris\Anaconda3\envs\rvc-eval
